targets:
    - name: normal
      type: distributions.CGaussianMixtureModel
      params: { means: [[-3.36856993,-4.13057068, 1.55900656,-1.92755375,-0.40727785, 4.6915757 ]],
                sigmas: [[0.07188137,0.10816402,0.10548891,0.10460843,0.19993421,0.2107298 ]],
                weights: [1.],
                support: [[-8.,-8.,-8.,-8.,-8.,-8.], [ 8., 8., 8., 8., 8., 8.]]}
      batch_size: 2048
      nsamples: 1000000
      nsamples_eval: 6000
